51879,50363,50363,49597,49597,49597,49597,49506,49506,49506,49506,49506,49506,49506,49506,49506,48970,48959,46993,46993,
52494,51879,51879,50363,50363,50363,50363,49597,49597,49597,49597,49597,49597,49597,49597,49543,49393,48970,48959,48697,
52789,52494,52494,51849,50467,50467,50467,50363,50276,50276,50276,50276,50276,50276,50276,49597,49506,49147,48970,48959,
53008,52730,52730,51879,51602,51196,51196,50467,50363,50363,50363,50363,50363,50363,50363,50016,49543,49393,49147,48970,
53253,52789,52789,52401,51849,51602,51410,50692,50467,50467,50382,50382,50382,50382,50382,50276,49597,49506,49393,49147,
53549,53008,53008,52494,51879,51799,51497,51196,50692,50692,50467,50467,50467,50467,50467,50363,50016,49543,49506,49393,
53552,53253,53077,52730,52183,51849,51602,51410,51196,51196,50596,50596,50596,50580,50580,50382,50054,49597,49543,49434,
53661,53474,53121,52789,52401,51879,51660,51497,51403,51403,50692,50631,50631,50596,50596,50467,50276,49874,49597,49506,
54094,53549,53253,53008,52494,52183,51799,51602,51410,51410,51196,50692,50692,50631,50631,50580,50363,50016,49874,49543,
54272,53552,53474,53077,52575,52401,51849,51660,51497,51478,51403,50938,50938,50692,50692,50596,50382,50054,50016,49597,
54752,53661,53549,53121,52730,52494,51879,51799,51602,51497,51410,51196,51196,50708,50708,50631,50467,50111,50054,49874,
54864,54094,53552,53253,52789,52575,52183,51849,51660,51602,51478,51403,51403,50938,50857,50692,50524,50276,50111,50016,
54910,54272,53661,53474,53008,52730,52401,51879,51799,51660,51497,51410,51410,51196,50923,50708,50580,50363,50276,50054,
55028,54671,53999,53549,53077,52789,52494,51969,51829,51799,51602,51478,51478,51369,50938,50857,50596,50382,50363,50111,
55037,54752,54084,53552,53121,52950,52518,52183,51849,51829,51660,51497,51497,51403,51196,50868,50631,50467,50382,50276,
55077,54864,54094,53659,53253,53008,52575,52248,51879,51849,51799,51602,51592,51410,51369,50923,50645,50502,50467,50363,
55090,54910,54272,53661,53474,53050,52730,52401,51969,51879,51829,51660,51602,51478,51403,50938,50692,50524,50502,50382,
55424,55028,54397,53999,53549,53077,52789,52494,52023,51891,51849,51799,51660,51497,51410,51196,50708,50542,50524,50467,
55436,55037,54461,54084,53552,53117,52924,52518,52183,51969,51879,51829,51671,51592,51478,51369,50812,50580,50542,50502,
55820,55077,54496,54094,53659,53121,52950,52575,52248,52023,51891,51849,51799,51602,51497,51403,50857,50596,50580,50524,
55824,55090,54671,54272,53661,53127,53008,52730,52401,52113,51969,51879,51829,51660,51592,51410,50868,50631,50596,50542,
55925,55281,54752,54370,53900,53253,53050,52789,52494,52183,52023,51891,51843,51671,51602,51478,50923,50645,50631,50580,
55979,55424,54864,54397,53999,53306,53077,52838,52518,52243,52113,51920,51849,51799,51660,51497,50938,50692,50645,50596,
56212,55436,54910,54461,54084,53336,53117,52924,52538,52248,52183,51969,51865,51829,51661,51592,51196,50708,50692,50631,
56326,55820,55023,54496,54094,53474,53121,52950,52575,52396,52243,52023,51879,51843,51671,51602,51369,50812,50708,50645,
56333,55824,55025,54652,54161,53549,53127,53008,52730,52401,52248,52038,51891,51849,51760,51655,51403,50857,50812,50692,
56415,55925,55028,54671,54272,53552,53253,53050,52789,52494,52349,52048,51920,51865,51799,51660,51410,50868,50828,50708,
56430,55979,55037,54752,54370,53659,53306,53077,52838,52518,52353,52113,51950,51879,51829,51661,51478,50923,50857,50812,
56431,56070,55057,54864,54397,53661,53336,53117,52881,52538,52396,52183,51969,51891,51843,51671,51497,50938,50868,50828,
56467,56212,55077,54910,54461,53900,53351,53121,52924,52575,52401,52243,52023,51920,51849,51760,51592,51196,50923,50857,
56556,56273,55090,55000,54496,53913,53449,53127,52950,52730,52494,52248,52038,51929,51865,51799,51602,51369,50938,50868,
56686,56313,55281,55023,54652,53999,53474,53237,53008,52789,52518,52349,52048,51950,51879,51829,51655,51403,51045,50923,
56708,56324,55399,55025,54671,54044,53549,53253,53050,52838,52538,52353,52113,51969,51891,51843,51660,51410,51105,50938,
56718,56326,55424,55028,54752,54084,53552,53306,53077,52881,52575,52394,52183,52023,51920,51849,51661,51478,51196,50956,
56886,56333,55436,55037,54799,54094,53606,53336,53101,52924,52618,52396,52243,52038,51929,51865,51671,51497,51246,51015,
56959,56388,55713,55057,54812,54161,53659,53351,53117,52941,52730,52401,52248,52048,51950,51879,51760,51513,51369,51045,
57430,56403,55754,55077,54863,54272,53661,53449,53121,52950,52789,52465,52349,52113,51969,51891,51799,51592,51403,51105,
57440,56415,55757,55090,54864,54370,53900,53474,53127,53008,52838,52494,52353,52183,52023,51920,51829,51602,51410,51196,
57462,56430,55820,55264,54879,54397,53913,53549,53237,53048,52881,52518,52394,52243,52038,51929,51843,51655,51478,51246,
57472,56431,55824,55281,54910,54460,53946,53552,53253,53050,52924,52538,52396,52248,52042,51950,51849,51660,51497,51369,
57496,56467,55834,55399,55000,54461,53999,53606,53306,53077,52941,52575,52401,52277,52048,51969,51865,51661,51513,51403,
57497,56468,55925,55422,55023,54491,54037,53659,53336,53101,52950,52618,52406,52349,52113,52023,51879,51671,51592,51410,
57514,56556,55952,55424,55025,54496,54044,53661,53350,53117,53008,52730,52465,52353,52183,52038,51891,51760,51602,51438,
57521,56590,55979,55436,55028,54652,54084,53900,53351,53121,53041,52731,52494,52394,52243,52042,51920,51799,51655,51478,
57525,56686,56070,55437,55037,54671,54094,53913,53441,53127,53048,52789,52518,52396,52248,52048,51929,51829,51660,51497,
57632,56708,56149,55495,55057,54752,54134,53946,53449,53237,53050,52838,52538,52401,52277,52113,51950,51843,51661,51513,
57638,56718,56212,55531,55077,54799,54161,53999,53474,53253,53077,52881,52575,52406,52349,52183,51969,51849,51671,51570,
57670,56886,56268,55713,55090,54812,54272,54037,53530,53264,53101,52924,52618,52465,52353,52243,52001,51865,51760,51592,
57695,56959,56273,55754,55264,54819,54370,54044,53549,53306,53117,52941,52730,52494,52394,52248,52023,51879,51799,51602,
57706,57002,56313,55757,55281,54863,54390,54084,53552,53336,53121,52950,52731,52518,52396,52277,52038,51891,51829,51655,
57784,57108,56324,55820,55322,54864,54397,54094,53606,53350,53123,52988,52789,52538,52401,52349,52042,51920,51843,51660,
57799,57430,56326,55824,55324,54879,54460,54134,53659,53351,53127,53008,52830,52575,52406,52353,52048,51929,51849,51661,
57843,57440,56333,55834,55399,54910,54461,54161,53661,53441,53237,53041,52838,52618,52465,52380,52113,51950,51865,51671,
57904,57462,56388,55865,55422,54962,54491,54182,53661,53449,53253,53048,52857,52730,52494,52394,52183,51969,51879,51760,
58016,57472,56403,55925,55424,54995,54496,54265,53900,53474,53264,53050,52881,52731,52518,52396,52243,52001,51891,51799,
58037,57496,56415,55952,55436,55000,54548,54272,53913,53530,53306,53077,52924,52778,52735,52501,52248,52023,52162,51829,
58106,57497,56421,55979,55437,55023,54652,54370,53926,53549,53336,53101,52941,52811,52756,52507,52277,52038,52743,52104,
58122,57514,56430,56023,55495,55025,54671,54390,53946,53552,53676,53117,52950,52829,52910,52643,53317,52278,53014,52368,
58178,57521,56431,56070,55531,55028,54752,54454,53999,53856,53853,53121,52968,52844,52992,52950,53357,52455,53060,52476,
58266,57525,56467,56149,55541,55037,54799,54483,54037,54044,54173,53130,52989,52956,52995,53234,53430,53177,53064,52491,
58334,57632,56468,56153,55594,55057,54812,54484,54044,54141,54333,53758,53256,53130,53178,53430,53636,53728,53195,52703,
58346,57638,56487,56210,55643,55077,54819,54859,54064,54392,54392,53866,53350,53542,53429,53498,53907,53907,53480,52708,
58358,57670,56556,56212,55713,55090,54863,54863,54084,54565,54437,53993,53746,53866,53430,53542,54031,53971,53502,52852,
58426,57695,56590,56268,55754,55264,54922,54909,54653,54685,54456,54122,53758,54050,53542,53556,54050,54098,53611,53121,
58448,57706,56686,56273,55757,55281,55057,54922,54847,54758,54503,54193,53866,54324,53732,53636,54260,54260,53743,53348,
58457,57802,56708,56313,55875,55484,55075,55057,54864,54847,54565,54250,53895,54452,54050,53976,54421,54276,53971,53384,
58499,58039,56718,56468,55947,55674,55140,55075,54936,54858,54610,54278,54324,54519,54052,54050,54602,54292,53994,53480,
58587,58233,56886,56488,56015,55713,55151,55140,55091,54864,54685,54324,54385,54622,54098,54102,54690,54421,54098,53611,
58607,58358,56959,56526,56113,55723,55264,55332,55247,54875,54706,54385,54422,54724,54622,54260,54739,54650,54190,53743,
58609,58457,57002,56686,56153,55754,55485,55456,55456,54936,54758,54437,54561,54867,54690,54602,54884,54937,54260,53877,
59054,58588,57015,56718,56235,55875,55690,55639,55592,55567,54858,54568,54572,54922,54724,54622,54899,54948,54410,53930,
59302,58593,57270,56771,56488,56113,56153,55690,55639,55592,54864,54610,54622,55019,54957,54690,54937,54992,54421,53956,
59342,58721,57274,56949,56526,56153,56321,56191,56117,55639,55255,54864,54743,55071,55019,54937,54992,55150,54623,53994,
59680,59248,57567,57015,56637,56321,56637,56216,56191,55646,55379,55068,54864,55428,55101,55006,55006,55228,54650,54098,
59696,59302,57638,57176,56686,56637,56709,56226,56211,55702,55429,55515,54878,55428,55433,55174,55228,55246,54937,54260,
59790,59360,57695,57270,56949,56898,56898,56321,56226,55732,55468,55639,55071,55433,55496,55228,55392,55429,54960,54498,
59807,59397,57706,57626,56981,56949,56949,56394,56321,55979,55639,55944,55433,55567,55567,55433,55677,55464,55150,54821,
59970,59680,57802,57705,57015,56973,56981,56459,56459,55994,55706,55963,55944,55944,55944,55808,55808,55689,55295,54937,
60047,59788,58549,57706,57270,56981,57375,56593,56709,56117,55714,55976,55963,55963,56455,56034,56100,55808,55464,55189,
60053,59969,58593,57719,57914,57252,57514,56709,56898,56177,55976,56211,55976,56103,56578,56119,56119,55844,55517,55227,
60163,60245,58721,57979,57946,57375,57556,56743,56947,56211,56211,56680,56211,56578,56896,56380,56940,55902,55558,55481,
60336,60336,59310,58515,58322,57556,57636,56898,57029,56321,56433,57751,56578,58371,56996,56455,56970,56100,56152,55517,
60570,60355,59360,58549,58484,57711,57691,56949,57521,56459,56459,59385,57336,59284,57044,56996,57097,56119,57161,55933,
60577,60570,59397,59231,59216,58215,57711,57375,57751,56711,56711,59534,57553,59579,58483,57044,57817,56357,58729,57161,
60761,60577,59969,59969,59580,58970,57889,57521,58042,56787,56748,60875,57735,60292,60292,58483,58228,58228,59215,60534,
60773,60632,60336,60336,59888,59216,58042,58042,60260,57751,57751,60929,57751,60377,60949,59215,59215,59215,60292,60919,
60818,60773,60773,61085,59969,59580,58137,59140,60321,60321,59385,60970,58817,60537,60983,59713,60217,60292,60486,61258,
60858,60818,60858,61191,61085,59916,58215,59786,60502,60432,60260,60976,59534,61387,61050,60292,60292,60673,60919,61368,
60858,60858,61085,61333,61191,59969,59216,60502,60732,60502,60478,61355,60377,61422,61874,60670,60794,60897,61215,61372,
61242,60858,61191,61457,61333,60131,60502,61206,61150,60522,60522,61517,61387,61537,61978,60772,60919,60919,61314,61714,
61271,60978,61410,61463,61463,61333,60548,61617,61206,60732,60875,61563,61517,61839,62408,60927,60927,60939,61372,61751,
61457,61242,61457,61721,61785,61668,60899,61707,61211,61166,60929,61839,61839,61874,62513,60983,60931,61314,61714,62240,
61526,61457,61463,61785,61868,61868,61206,61742,61253,61860,60970,61850,62101,62273,62598,61050,61213,61372,61743,62705,
61793,61615,62082,62082,62040,62040,61333,62004,61707,61869,61850,61869,62319,62408,62612,61550,61306,61743,62249,62982,
62226,62169,62150,62676,62271,62065,61580,62157,62640,62044,61869,62014,62409,62612,63348,61978,61550,62281,62329,63034,
62539,62226,62153,63144,62340,62443,61707,62648,62648,62871,63342,62101,62612,62711,63361,62177,62281,62989,62889,63201,
63223,62794,62607,63217,62676,62534,61868,62817,62727,63364,63451,62379,62864,63348,63375,62757,62570,63514,62982,63573,
63309,62958,62794,63537,63102,63453,62595,63326,62817,63365,63582,63620,63348,63384,63425,63232,62757,63915,63034,63690,
63387,62964,62964,63968,63664,63478,63396,63435,62871,63728,63728,63728,63728,63728,63585,63585,62989,64117,63201,65153,
64750,63309,63968,64818,63968,63664,63693,64186,63363,64021,64021,64021,65527,65527,63728,64550,63289,65368,64117,66482,
